+----------------------------------------------------------------------------------------------------------------------------------------------------------------------------------------------------------------------------------------------------------------+
; Legal Partition Candidates                                                                                                                                                                                                                                     ;
+-----------------------------------------------------------+-------+----------------+--------------+----------------+--------+-----------------+---------------+-----------------+-------+----------------+--------------+------------------+-------------------+
; Hierarchy                                                 ; Input ; Constant Input ; Unused Input ; Floating Input ; Output ; Constant Output ; Unused Output ; Floating Output ; Bidir ; Constant Bidir ; Unused Bidir ; Input only Bidir ; Output only Bidir ;
+-----------------------------------------------------------+-------+----------------+--------------+----------------+--------+-----------------+---------------+-----------------+-------+----------------+--------------+------------------+-------------------+
; U_LED0                                                    ; 4     ; 0              ; 0            ; 0              ; 7      ; 0               ; 0             ; 0               ; 0     ; 0              ; 0            ; 0                ; 0                 ;
; U_LED1                                                    ; 4     ; 0              ; 0            ; 0              ; 7      ; 0               ; 0             ; 0               ; 0     ; 0              ; 0            ; 0                ; 0                 ;
; U_LED2                                                    ; 4     ; 0              ; 0            ; 0              ; 7      ; 0               ; 0             ; 0               ; 0     ; 0              ; 0            ; 0                ; 0                 ;
; U_LED3                                                    ; 4     ; 0              ; 0            ; 0              ; 7      ; 0               ; 0             ; 0               ; 0     ; 0              ; 0            ; 0                ; 0                 ;
; U_LED4                                                    ; 4     ; 0              ; 0            ; 0              ; 7      ; 0               ; 0             ; 0               ; 0     ; 0              ; 0            ; 0                ; 0                 ;
; U_LED5                                                    ; 4     ; 0              ; 0            ; 0              ; 7      ; 0               ; 0             ; 0               ; 0     ; 0              ; 0            ; 0                ; 0                 ;
; CPU|DATA|ALU_CONTROL                                      ; 14    ; 0              ; 0            ; 0              ; 12     ; 0               ; 0             ; 0               ; 0     ; 0              ; 0            ; 0                ; 0                 ;
; CPU|DATA|MUX_TO_LOGIC                                     ; 130   ; 32             ; 0            ; 32             ; 32     ; 32              ; 32            ; 32              ; 0     ; 0              ; 0            ; 0                ; 0                 ;
; CPU|DATA|CONCAT_TO_MUX                                    ; 32    ; 0              ; 0            ; 0              ; 32     ; 0               ; 0             ; 0               ; 0     ; 0              ; 0            ; 0                ; 0                 ;
; CPU|DATA|IR_SHIFT_LEFT                                    ; 32    ; 12             ; 0            ; 12             ; 32     ; 12              ; 12            ; 12              ; 0     ; 0              ; 0            ; 0                ; 0                 ;
; CPU|DATA|DESTINATION_MUX                                  ; 130   ; 32             ; 0            ; 32             ; 32     ; 32              ; 32            ; 32              ; 0     ; 0              ; 0            ; 0                ; 0                 ;
; CPU|DATA|ALU_HI                                           ; 35    ; 0              ; 0            ; 0              ; 32     ; 0               ; 0             ; 0               ; 0     ; 0              ; 0            ; 0                ; 0                 ;
; CPU|DATA|ALU_LO                                           ; 35    ; 0              ; 0            ; 0              ; 32     ; 0               ; 0             ; 0               ; 0     ; 0              ; 0            ; 0                ; 0                 ;
; CPU|DATA|ALU_OUT_REG                                      ; 35    ; 1              ; 0            ; 1              ; 32     ; 1               ; 1             ; 1               ; 0     ; 0              ; 0            ; 0                ; 0                 ;
; CPU|DATA|ALU                                              ; 77    ; 0              ; 0            ; 0              ; 65     ; 0               ; 0             ; 0               ; 0     ; 0              ; 0            ; 0                ; 0                 ;
; CPU|DATA|MUX_TO_ALU_BOTTOM                                ; 130   ; 32             ; 0            ; 32             ; 32     ; 32              ; 32            ; 32              ; 0     ; 0              ; 0            ; 0                ; 0                 ;
; CPU|DATA|SHIFTLEFT_TO_MUX                                 ; 32    ; 2              ; 2            ; 2              ; 32     ; 2               ; 2             ; 2               ; 0     ; 0              ; 0            ; 0                ; 0                 ;
; CPU|DATA|SIGN_EXTEND                                      ; 17    ; 0              ; 0            ; 0              ; 32     ; 0               ; 0             ; 0               ; 0     ; 0              ; 0            ; 0                ; 0                 ;
; CPU|DATA|MUX_TO_ALU_TOP                                   ; 65    ; 0              ; 0            ; 0              ; 32     ; 0               ; 0             ; 0               ; 0     ; 0              ; 0            ; 0                ; 0                 ;
; CPU|DATA|REGISTER_B                                       ; 35    ; 1              ; 0            ; 1              ; 32     ; 1               ; 1             ; 1               ; 0     ; 0              ; 0            ; 0                ; 0                 ;
; CPU|DATA|REGISTER_A                                       ; 35    ; 1              ; 0            ; 1              ; 32     ; 1               ; 1             ; 1               ; 0     ; 0              ; 0            ; 0                ; 0                 ;
; CPU|DATA|REGISTER_FILE                                    ; 83    ; 0              ; 0            ; 0              ; 64     ; 0               ; 0             ; 0               ; 0     ; 0              ; 0            ; 0                ; 0                 ;
; CPU|DATA|MEMORY_DATA_MUX_TO_REGISTER_FILE                 ; 65    ; 0              ; 0            ; 0              ; 32     ; 0               ; 0             ; 0               ; 0     ; 0              ; 0            ; 0                ; 0                 ;
; CPU|DATA|IR_MUX_TO_REGISTER_FILE                          ; 11    ; 0              ; 0            ; 0              ; 5      ; 0               ; 0             ; 0               ; 0     ; 0              ; 0            ; 0                ; 0                 ;
; CPU|DATA|INSTRUCTION_REGISTER                             ; 35    ; 0              ; 0            ; 0              ; 32     ; 0               ; 0             ; 0               ; 0     ; 0              ; 0            ; 0                ; 0                 ;
; CPU|DATA|MEMORY_DATA_REGISTER                             ; 35    ; 1              ; 0            ; 1              ; 32     ; 1               ; 1             ; 1               ; 0     ; 0              ; 0            ; 0                ; 0                 ;
; CPU|DATA|MEMORY|U_RAM|altsyncram_component|auto_generated ; 42    ; 0              ; 0            ; 0              ; 32     ; 0               ; 0             ; 0               ; 0     ; 0              ; 0            ; 0                ; 0                 ;
; CPU|DATA|MEMORY|U_RAM                                     ; 42    ; 0              ; 0            ; 0              ; 32     ; 0               ; 0             ; 0               ; 0     ; 0              ; 0            ; 0                ; 0                 ;
; CPU|DATA|MEMORY|IN_PORT_1                                 ; 35    ; 1              ; 0            ; 1              ; 32     ; 1               ; 1             ; 1               ; 0     ; 0              ; 0            ; 0                ; 0                 ;
; CPU|DATA|MEMORY|IN_PORT_0                                 ; 35    ; 1              ; 0            ; 1              ; 32     ; 1               ; 1             ; 1               ; 0     ; 0              ; 0            ; 0                ; 0                 ;
; CPU|DATA|MEMORY|OUT_PORT                                  ; 35    ; 2              ; 0            ; 2              ; 32     ; 2               ; 2             ; 2               ; 0     ; 0              ; 0            ; 0                ; 0                 ;
; CPU|DATA|MEMORY|U_4to1Mux                                 ; 130   ; 32             ; 0            ; 32             ; 32     ; 32              ; 32            ; 32              ; 0     ; 0              ; 0            ; 0                ; 0                 ;
; CPU|DATA|MEMORY                                           ; 134   ; 44             ; 0            ; 44             ; 64     ; 44              ; 44            ; 44              ; 0     ; 0              ; 0            ; 0                ; 0                 ;
; CPU|DATA|MUX_TO_MEMORY                                    ; 65    ; 0              ; 0            ; 0              ; 32     ; 0               ; 0             ; 0               ; 0     ; 0              ; 0            ; 0                ; 0                 ;
; CPU|DATA|PROGRAM_COUNTER                                  ; 35    ; 0              ; 0            ; 0              ; 32     ; 0               ; 0             ; 0               ; 0     ; 0              ; 0            ; 0                ; 0                 ;
; CPU|DATA                                                  ; 41    ; 2              ; 0            ; 2              ; 39     ; 2               ; 2             ; 2               ; 0     ; 0              ; 0            ; 0                ; 0                 ;
; CPU|CTRL                                                  ; 8     ; 0              ; 0            ; 0              ; 18     ; 0               ; 0             ; 0               ; 0     ; 0              ; 0            ; 0                ; 0                 ;
; CPU                                                       ; 14    ; 8              ; 1            ; 8              ; 32     ; 8               ; 8             ; 8               ; 0     ; 0              ; 0            ; 0                ; 0                 ;
+-----------------------------------------------------------+-------+----------------+--------------+----------------+--------+-----------------+---------------+-----------------+-------+----------------+--------------+------------------+-------------------+
